81
80
796
797
79
82
799
896
897
798
894
895
899
898
900
902
903
901
904
908
907
905
906
909
913
910
911
912
914
915
916
917
918
919
921
926
920
922
923
925
924
929
930
927
932
928
931
933
934
936
938
935
979
941
937
997
998
939
940
980
996
999
1004
1000
1554
1001
1002
1003
1649
1647
1648
1651
1650
1667
1652
1653
1669
1672
1666
1686
1668
1670
1688
1671
1685
1690
2544
1687
1689
1691
2542
2547
2543
2545
2546
2752
2548
2549
2750
2749
2755
2757
2751
2758
2760
2761
2753
2754
2765
2756
2759
2767
2762
2764
2763
2766
2768
2769
2868
2770
2771
2772
2869
2870
2867
2884
2885
3063
3064
3065
3067
3069
3068
3066
3072
3074
3077
3070
3071
3073
3075
3080
3076
3081
3082
3078
3079
3083
3084
3085
3086
3089
3087
3091
3092
3088
3090
3241
3242
3243
3244
3247
3245
3250
3246
3248
3249
3251
3255
3256
3252
3253
3257
3259
3260
3271
3274
3254
3277
3258
3278
3272
3273
3275
3280
3281
3282
3276
3279
3283
3284
3285
3286
3287
3291
3292
3288
3289
3290
3293
3294
3295
3299
3296
3301
3298
3297
3300
3302
3303
3304
3309
3305
3306
3307
3308
3314
3310
3311
3312
3313
3319
3315
3320
3316
3317
3323
3318
3324
3619
3620
3622
3624
3321
3322
3626
3621
3623
3625
3631
3627
3628
3629
3630
3636
3632
3633
3634
3635
3642
3637
3638
3639
3640
3641
3643
3644
3645
3646
3647
3648
3653
3652
3649
3655
3650
3651
3658
3661
3654
3656
3662
3663
3657
3664
3659
3660
3665
3687
3715
3716
3717
3807
3811
3666
3686
3808
3809
3810
3816
3812
3813
3814
3818
3820
3815
3817
3824
3819
3826
3821
3822
3823
3870
3825
3871
3874
3850
3851
3869
3875
3877
3872
3873
3880
3881
3876
3878
3879
3885
3886
3882
3883
3884
3891
3887
3893
3888
3889
3906
3890
3892
3907
3911
3910
3905
3904
3913
3914
3908
3909
3917
3919
3912
3920
3921
3915
3916
3923
3925
3918
3922
3924
3926
3927
3928
3929
3934
3930
3936
3931
3937
3932
3933
3942
3935
3938
3939
3940
3944
3950
3946
3953
3948
3954
3955
3959
3952
3961
3962
3957
3956
3958
3960
3963
3964
3965
3966
3967
3968
3972
3975
3969
3970
3971
3973
3974
3978
3981
3982
3976
3977
3979
3980
3986
3987
3988
3983
3984
3985
3991
3993
3994
3989
3990
3992
3999
3995
4032
3996
3997
3998
4056
4036
4057
4058
4059
4060
4061
4062
4063
4064
4065
4133
4134
4066
4139
4080
4135
4136
4137
4138
4143
4145
4140
4141
4148
4142
4144
4149
4146
4280
4279
4147
4281
4282
4296
4150
4312
4176
4450
4295
4297
4448
4449
4451
4519
4455
4452
4520
4453
4521
4554
4454
4557
4629
4553
4555
4556
4625
4626
4633
4634
4630
4636
4631
4632
4640
4635
4637
4639
4638
4641
4642
4643
4648
4644
4649
4645
4646
4647
4705
4706
4650
4651
4652
4761
4762
4741
4742
4743
4763
4764
4744
4770
4766
4767
4765
4768
4769
4774
4771
4775
4772
4776
4777
4781
4779
4785
4780
4782
4790
4784
4786
4787
4789
4797
4791
4792
4794
4795
4796
4804
4799
4806
4800
4801
4802
4805
5069
4807
5000
5068
5082
5079
5080
5084
5081
5088
5083
5085
5091
5086
5087
5089
5092
5090
5094
5093
5095
5107
5108
5110
5112
5113
5109
5117
5111
5119
5114
5120
5115
5118
5123
5116
5121
5122
5124
5125
5129
5126
5127
5131
5128
5130
5132
5133
5134
5135
5138
5139
5136
5142
5143
5137
5146
5147
5140
5141
5149
5151
5144
5145
5152
5154
5155
5148
5158
5159
5150
5153
5156
5161
5162
5163
5157
5168
5160
5164
5170
5165
5166
5167
5174
5169
5171
5173
5172
5175
5180
5179
5176
5181
5177
5184
5185
5187
5178
5190
5183
5182
5186
5191
5193
5188
5195
5189
5198
5192
5194
5196
5197
5202
5199
5200
5201
5203
5204
5205
5206
5210
5211
5207
5208
5213
5214
5209
5216
5219
5212
5215
5217
5218
5220
5221
5222
5223
5225
5224
5226
5231
5227
5233
5228
5229
5234
5235
5236
5230
5237
5232
5243
5238
5239
5244
5240
5241
5242
5246
5248
5250
5252
5245
5247
5249
5251
5253
5254
5259
5255
5256
5257
5258
5265
5260
5261
5266
5262
5263
5268
5269
5264
5272
5267
5270
5271
5273
5274
5275
5349
5276
5573
5277
5278
6063
5279
5572
6117
5738
6105
6115
6114
6116
6191
6189
6190
6193
6192
6194
6195
6308
6196
6197
6320
6321
6198
6307
6309
6443
6310
6444
6440
6441
6442
6445
6446
6447
6480
6449
6450
6451
6484
6452
6481
6482
6488
6483
6485
6490
6486
6487
6493
6494
6495
6496
6489
6497
6491
6499
6492
6502
6498
6500
6501
6503
6504
6505
6509
6510
6511
6513
6506
6507
6508
6512
6514
6515
6516
6517
6520
6518
6531
6532
6519
6521
6530
6533
6566
6534
6564
6637
6660
6565
6708
6780
6567
6661
6695
6709
6784
6797
6781
6811
6782
6783
6884
6927
6928
6929
6930
6931
6933
6937
6932
6934
6935
6936
6938
6942
6939
6944
7005
6940
6941
6943
7010
7007
7006
7008
7015
7009
7011
7016
7017
7012
7014
7013
7018
7019
7020
7021
7024
7025
7022
7023
7026
7027
7028
7033
7034
7036
7029
7030
7031
7032
7040
7039
7041
7035
7042
7043
7037
7047
7038
7048
7044
7045
7096
7046
7097
7099
7049
7050
7098
7100
7102
7101
7103
7106
7107
7104
7153
7160
7105
7151
7499
7152
7154
7502
7412
7503
7420
7500
7501
7597
7505
7504
7506
7507
7600
7601
7586
7603
7604
7598
7606
7607
7599
7602
7605
7608
7609
7610
7611
7612
7617
7618
7613
7620
7614
7923
7924
7615
7616
7926
7925
8023
8024
8025
8026
8028
8027
8029
8031
8030
8032
8034
8033
8036
8035
8037
8038
8039
8040
8041
8042
8045
8044
8046
8047
8043
8048
8049
8050
8052
8051
8053
7619
8054
8055
8056
8059
8057
8058
8060
8063
8061
8062
8064
8066
8065
8067
8069
8068
8070
8071
8072
8074
8073
7621
8075
8076
8078
8077
8079
8080
8081
8082
8083
8084
8085
8086
8087
8088
8089
8090
8091
8092
8093
8094
8095
8096
8097
7670
8099
8098
8100
8101
8103
8102
8104
8105
8106
8108
8107
8109
8110
8112
8111
8113
8114
8115
8116
8117
8118
8119
8120
8121
8122
8123
8125
8124
8126
8129
8127
8128
8131
8130
8133
8134
8132
8135
8136
8137
8138
8140
8141
8139
8142
8143
8145
8144
8147
8148
8146
8149
8150
8154
8152
8153
8151
8155
8156
8157
8158
8161
8162
8164
8165
8163
8160
8166
8168
8167
8159
8169
8170
8172
8174
8173
8171
8175
8176
8177
8181
8178
8180
8179
8182
8183
8186
8185
8184
8187
8188
8190
8189
8192
8191
8193
8194
8195
8196
8197
8198
8200
8199
8201
8202
8203
8204
8206
8205
8208
8207
8211
8210
8209
8212
8213
8214
8215
8217
8216
8219
8218
8221
8220
8222
8224
8223
8225
8226
8227
8228
8230
8229
8232
8231
8233
8234
8235
8236
8238
8237
8240
8239
8241
8242
8244
8243
8246
8245
8247
8250
8248
8251
8252
8249
8253
8258
8254
8257
8255
8256
8259
8261
8260
8262
8263
8264
8265
8266
8269
8270
8267
8268
8272
8271
8276
8275
8273
8274
8277
8282
8280
8281
8279
8278
8285
8287
8286
8288
8284
8283
8290
8289
8292
8293
8291
8297
8296
8299
8298
8295
8303
8304
8301
8300
8302
8294
8307
8309
8308
8306
8305
8310
8314
8312
8313
8311
8315
8316
8317
8318
8320
8321
8322
8319
8323
8328
8325
8326
8324
8327
8329
8332
8334
8331
8333
8330
8335
8339
8336
8340
8337
8338
8341
8342
8343
8344
8345
8346
8347
8349
8348
8351
8350
8352
8353
8354
8356
8355
8357
8358
8359
8361
8360
8362
8363
8364
8365
8366
8367
8369
8370
8368
8371
8372
8375
8373
8377
8374
8376
8378
8380
8379
8382
8383
8381
8384
8389
8386
8387
8388
8385
8390
8392
8391
8395
8394
8393
8398
8397
8396
8400
8399
8401
8402
8406
8404
8403
8405
8407
8409
8408
8410
8412
8411
8413
8414
8415
8469
8465
8416
8467
8471
8473
8479
8481
8477
8475
8483
8489
8485
8491
8487
8493
8495
8651
8657
8653
8655
8659
8661
8665
8663
8667
8669
8673
8671
8675
8677
8679
8683
8681
8685
8687
8689
8691
8695
8693
8697
8699
8701
8705
8703
8707
8709
8711
8713
8717
8715
8725
8723
8719
8721
8737
8733
8727
8735
8729
8731
8739
8741
8745
8743
8747
8749
8751
8753
8759
8757
8761
8755
8763
8765
8773
8771
8767
8769
8777
8775
8800
8799
8798
8801
8802
8806
8803
8804
8807
8805
8808
8809
8812
8810
8813
8811
8819
8815
8814
8817
8818
8816
8825
8822
8823
8824
8820
8821
8828
8830
8829
8826
8827
8831
8843
8833
8835
8832
8834
8852
8853
8883
8854
8855
8884
8885
8886
8894
8891
8892
8893
8895
8899
8898
8897
8896
8983
8900
9062
9063
8985
9060
8984
9061
9109
9107
9105
9108
9110
9111
9113
9112
9114
9116
9115
9117
9119
9118
9121
9120
9123
9122
9124
9129
9128
9127
9126
9125
9130
9134
9131
9132
9133
9135
9136
9146
9138
9137
9147
9148
9150
9149
9151
9152
9153
9154
9155
9156
9157
9158
9159
9160
9161
9163
9162
9164
9165
9166
9167
9169
9170
9168
9171
9172
9173
9195
9197
9196
9198
9200
9199
9204
9203
9201
9202
9205
9210
9206
9208
9209
9207
9212
9211
9213
9214
9215
9216
9217
9218
9222
9220
9219
9221
9223
9226
9225
9224
9227
9228
9229
9230
9232
9233
9231
9234
9246
9235
9248
9250
9247
9249
9251
9254
9253
9252
9255
9256
9257
9260
9261
9258
9259
9263
9262
9264
9266
9265
9267
9268
9269
9271
9270
9272
9274
9273
9275
9277
9276
9281
9280
9278
9279
9282
9283
9285
9284
9307
9311
9309
9308
9310
9314
9317
9312
9319
9321
9313
9316
9315
9325
9318
9320
9327
9322
9323
9324
9326
9328
9329
9333
9330
9332
9331
9334
9344
9345
9347
9348
9349
9343
9353
9354
9346
9350
9351
9352
9358
9359
9355
9356
9357
9360
9361
9362
9363
9367
9364
9368
9365
9369
9366
9371
9373
9370
9372
9374
9385
9383
9384
9391
9386
9387
9390
9388
9389
9393
9395
9396
9392
9397
9401
9394
9398
9399
9402
9400
9403
9408
9404
9405
9411
9406
9407
9414
9410
9409
9412
9413
9491
9493
9495
9497
9492
9494
9496
9498
9503
9499
9500
9501
9506
9502
9504
9505
9507
9526
9537
9546
9555
9557
9556
9590
9596
9628
9631
9663
9661
9664
9700
9707
9708
9710
9711
9713
9712
9709
9714
9816
9817
9821
9822
9815
9824
9818
9825
9819
9820
9828
9829
9823
9832
9826
9827
9830
9831
9837
9833
9838
9834
9835
9836
9839
9840
9841
9842
9893
9894
9899
9895
9896
9900
9897
9898
9905
9927
9926
9928
9929
9930
9931
9952
9953
9954
9951
9957
9959
9960
9955
9956
9958
9964
9961
9966
9962
9963
9968
9965
9967
9973
9969
9975
9971
9970
9972
9977
9974
9976
10022
10131
10153
10155
10152
10154
10164
10166
10168
10169
10165
10170
10481
10477
10478
10479
10480
10482
10483
10484
10505
10502
10503
10504
10511
10591
10603
10601
10602
10604
10609
10605
10606
10607
10608
10615
10610
10611
10616
10612
10613
10618
10614
10617
10619
10620
10621
10624
10622
10627
10626
10623
10628
10631
10632
10635
10625
10629
10630
10633
10639
10634
10636
10637
10638
10640
10642
10641
10646
10647
10643
10644
10649
10645
10650
10648
10652
10653
10651
10654
10655
10657
10662
10656
10659
10658
10660
10661
10666
10668
10667
10663
10669
10664
10665
10670
10672
10673
10671
10674
10677
10675
10681
10676
10678
10679
10680
10685
10686
10682
10688
10683
10684
10687
10689
10690
10692
10691
10696
10698
10693
10699
10694
10695
10697
10700
10701
10702
10703
10707
10704
10708
10705
10712
10706
10713
10714
10709
10710
10711
10719
10721
10715
10716
10717
10722
10723
10718
10720
10726
10727
10728
10724
10725
10734
10729
10730
10731
10735
10732
10736
10738
10733
10742
10744
10740
10746
10748
10750
10752
10754
10756
10758
10760
10762
10764
10766
10768
10770
10772
10774
10776
10778
10780
10782
10784
10790
10786
10788
10792
10796
10794
10798
10804
10800
10806
10802
10852
10853
10854
10855
10867
10868
10869
10883
10901
10900
10902
10903
10905
10906
10907
10908
10945
10998
10997
11005
11004
11015
11017
11018
11016
11047
11063
11071
11067
11068
11078
11087
11094
11117
11135
11132
11144
11146
11142
11147
11143
11148
11145
11149
11150
11162
11163
11160
11161
11206
11207
11213
11208
11209
11215
11219
11220
11221
11214
11216
11218
11223
11224
11225
11226
11274
11277
11278
11288
11291
11292
11294
11295
11289
11298
11290
11299
11293
11301
11303
11304
11296
11297
11300
11302
11310
11305
11306
11307
11308
11312
11309
11317
11311
11313
11314
11315
11316
11318
11319
11321
11320
11322
11422
11421
11423
11424
11425
11426
11526
11528
11529
11527
11534
11535
11530
11531
11532
11537
11533
11540
11541
11542
11536
11545
11538
11539
11543
11544
11546
11550
11547
11548
11549
11556
11551
11552
11553
11554
11560
11555
11563
11557
11558
11559
11566
11562
11568
11561
11564
11570
11565
11567
11574
11575
11576
11569
11571
11579
11573
11572
11583
11584
11577
11578
11580
11585
11587
11581
11582
11589
11586
11588
11590
11591
11592
11595
11593
11597
11598
11600
11594
11604
11596
11599
11606
11601
11602
11603
11610
11605
11611
11607
11608
11609
11614
11612
11613
11615
11616
11617
11618
11621
11625
11619
11620
11626
11622
11623
11624
11630
11631
11627
11633
11634
11628
11629
11637
11632
11635
11636
11638
11639
11644
11645
11641
11647
11642
11643
11650
11652
11646
11654
11648
11649
11651
11653
11660
11658
11659
11661
11662
11674
11675
11676
11684
11685
11683
11746
11751
11752
11759
11779
11790
11801
11948
11949
12132
12133
12149
12150
12151
12152
12177
12179
12178
12180
12202
12294
12296
12298
12300
12302
12304
12306
12310
12312
12308
12316
12320
12314
12324
12318
12326
12328
12322
12330
12336
12332
12334
12340
12342
12344
12346
12338
12350
12348
12352
12358
12354
12356
12362
12360
12366
12370
12364
12372
12368
12376
12374
12384
12378
12380
12388
12382
12392
12386
12394
12396
12390
12398
12400
12402
12410
12404
12406
12408
12412
12414
12418
12416
12420
12524
12534
12540
12541
12542
12543
12586
12587
12585
12634
12656
12854
13009
13091
13087
13088
13089
13090
13092
13093
13094
13152
13165
13168
13163
13164
13166
13170
13167
13172
13175
13176
13169
13178
13171
13179
13173
13174
13183
13177
13185
13180
13181
13182
13184
13191
13186
13187
13188
13189
13190
13194
13197
13192
13199
13193
13201
13195
13196
13198
13200
13202
13203
13204
13205
13208
13206
13210
13212
13214
13207
13215
13216
13217
13209
13211
13213
13222
13223
13218
13219
13220
13221
13226
13224
13225
13237
13242
13235
13239
13240
13241
13247
13248
13251
13254
13249
13256
13255
13250
13252
13253
13261
13262
13265
13257
13266
13258
13268
13267
13270
13272
13273
13264
13269
13271
13274
13275
13289
13306
13404
13441
13559
13590
13594
13595
13596
13597
13656
13657
13662
13665
13658
13664
13728
13729
13730
13731
13733
13840
13842
13843
13841
13844
13992
13994
13996
13991
13998
14000
13993
13995
14002
13997
14005
13999
14001
14007
14003
14009
14010
14004
14006
14008
14015
14011
14017
14012
14013
14014
14021
14022
14016
14018
14019
14020
14026
14023
14024
14025
14032
14027
14028
14033
14029
14030
14031
14037
14040
14034
14035
14036
14042
14043
14038
14039
14047
14041
14044
14045
14046
14048
14053
14049
14054
14050
14051
14052
14059
14055
14060
14063
14087
14086
14088
14388
14390
14434
14432
14435
14439
14433
14440
14441
14442
14443
14436
14444
14437
14438
14449
14445
14446
14447
14448
14450
14455
14451
14452
14453
14454
14456
14457
14483
14482
14523
14524
14535
14546
14548
14545
14547
14552
14549
14554
14550
14555
14556
14558
14551
14553
14563
14557
14559
14560
14565
14561
14562
14564
14566
14567
14568
14569
14570
14586
14585
14588
14587
14596
14618
14619
14621
14628
14667
14695
14694
14713
14732
14733
14729
14730
14731
14738
14734
14741
14817
14818
14835
14871
14872
14873
14874
14910
14911
14914
14915
14912
14916
14917
14913
14920
14923
14924
14925
14918
14919
14921
14922
14928
14926
14927
14929
14930
14931
14932
14935
14933
14934
15045
15118
15125
15222
15224
15225
15226
15221
15223
15231
15232
15227
15228
15234
15229
15230
15236
15233
15235
15255
15256
15257
15258
15288
15336
15337
15338
15339
15369
15371
15370
15372
15377
15474
15494
15493
15495
15499
15500
15498
15519
15583
15624
15625
15651
15654
15649
15650
15656
15652
15653
15659
15662
15655
15657
15658
15664
15660
15661
15663
15665
15706
15705
16428
16430
16433
16434
16429
16436
16431
16440
16441
16435
16438
16445
16439
16450
16443
16444
16446
16453
16448
16449
16455
16456
16451
16459
16460
16461
16454
16463
16458
16464
16465
16466
16471
16468
16474
16473
16475
16469
16470
16476
16480
16478
16479
16481
16488
16483
16484
16489
16485
16486
16494
16496
16490
16491
16498
16493
16495
16503
16504
16499
16500
16501
16508
16509
16505
16506
16513
16514
16510
16511
16515
16520
16516
16518
16519
16521
16523
16524
16529
16525
16526
16528
16530
16531
16535
16536
16533
16534
16539
16541
16538
16540
16545
16543
16548
16544
16550
16551
16546
16549
16556
16553
16554
16555
16561
16558
16559
16560
16566
16569
16563
16564
16570
16565
16568
16575
16571
16578
16573
16574
16576
16583
16584
16579
16580
16581
16590
16585
16591
16586
16588
16593
16589
16598
16599
16594
16595
16596
16603
16605
16606
16601
16600
16609
16604
16614
16608
16616
16611
16610
16618
16613
16619
16615
16623
16620
16621
16626
16624
16628
16630
16625
16633
16635
16629
16636
16631
16634
16638
16643
16639
16640
16644
16645
16641
16646
17488
17745
17743
17748
17744
17749
17751
17746
17750
17777
17779
17778
17837
17835
17840
17841
17836
17838
17839
17846
17847
17842
17843
17848
17849
17850
17845
17852
17844
17854
17857
17851
17853
17855
17856
17858
17859
17864
17865
17860
17861
17862
17863
17870
17871
17866
17867
17868
17874
17869
17878
17872
17873
17879
17875
17876
17877
17880
17881
17882
17886
17887
17888
17889
17891
17892
17893
17894
17899
17896
17897
17903
17898
17901
17902
17904
17908
17906
17912
17907
17909
17911
17913
17914
17916
17917
17918
17919
17921
17922
17927
17928
17923
17924
17932
17934
17926
17929
17931
17933
18345
18375
18377
18379
18383
18387
18381
18389
18385
18395
18391
18399
18393
18397
18403
18405
18401
18407
18409
18411
18413
18415
18417
18423
18419
18421
18425
18427
18433
18429
18435
18431
18437
18439
18443
18445
18441
18449
18447
18451
18453
18455
18461
18457
18459
18467
18469
18463
18465
18473
18471
18475
18477
18479
18481
18483
18485
18489
18495
18487
18491
18493
18499
18497
18505
18501
18506
18503
18504
18507
18581
18577
18578
18579
18585
18586
18580
18587
18582
18589
18583
18584
18591
18588
18590
18592
18593
18594
18597
18595
18598
18599
18604
18596
18600
18602
18601
18608
18603
18605
18606
18607
18609
18610
18611
18612
18613
18616
18614
18615
18621
18622
18617
18618
18619
18620
18627
18623
18624
18625
18626
18630
18631
18628
18629
18632
18633
18634
18636
18637
18638
18683
18703
18748
18752
18754
18755
18749
18750
18751
18753
18769
18770
18771
18772
18773
18774
18775
18784
18785
18792
18793
18794
18796
18791
18798
18801
18802
18795
18797
18799
18800
18837
18835
18841
18836
18844
18838
18840
18845
18846
18847
18842
18849
18852
18843
18854
18855
18848
18856
18857
18850
18851
18859
18853
18858
18860
18861
18862
18863
18864
18867
18870
18871
18865
18866
18868
18875
18869
18872
18873
18874
18876
18881
18877
18878
18885
18879
18880
18882
18883
18884
18889
18890
18886
18887
18888
18892
18893
18897
18891
18894
18895
18896
18898
18899
18900
18906
18902
18901
18903
18904
18907
18908
18910
18905
18911
18912
18913
18914
18909
18920
18915
18916
18917
18921
18918
18919
18924
18922
18923
18925
18926
18927
18928
18933
18935
18929
18930
18932
18931
18934
18936
19124
19127
19128
19123
19125
19126
19132
19133
19129
19130
19136
19137
19131
19134
19141
19135
19142
19139
19138
19140
19154
19153
19155
19161
19156
19158
19159
19163
19160
19165
19164
19166
19468
19469
19470
19474
19471
19472
19473
19482
19481
19483
19484
19485
19489
19486
19491
19492
19493
19487
19488
19497
19498
19490
19501
19494
19502
19495
19496
19505
19499
19500
19503
19506
19504
19510
19507
19508
19514
19509
19515
19517
19516
19518
19511
19512
19513
19519
19619
19618
19620
19690
19694
19697
19691
19692
19693
19695
19696
19698
19699
19713
19714
19715
19718
19710
19711
19722
19716
19717
19719
19724
19720
19721
19728
19723
19725
19726
19727
19733
19729
19730
19736
19731
19732
19738
19734
19742
19737
19739
19744
19745
19740
19741
19743
19746
19753
19777
19799
19801
19803
19804
19811
19810
19812
19813
19815
19821
19816
19817
19823
19818
19820
19822
19826
19825
19827
19828
19829
19843
19844
19880
19881
19882
19885
19883
19884
19896
19898
19901
19903
19906
19899
19900
19908
19904
19905
19909
19910
19911
19913
19918
19914
19915
19921
19916
19924
19919
19926
19920
19928
19923
19931
19925
19929
19930
19933
19934
19938
19935
19936
19941
19939
19940
19946
19943
19944
19945
19951
19955
19956
19952
19953
19954
19959
19957
19958
19960
19961
20049
20051
20048
20050
20079
20080
20081
20082
20094
20095
20097
20110
20115
20116
20118
20119
20117
20210
20218
20226
20234
20242
20250
20259
20260
20427
20694
20695
20696
20697
20699
20700
20701
20698
20713
20724
20723
20735
20736
20739
20737
20738
20740
20741
20742
20743
20749
20750
20744
20745
20746
20747
20748
20752
20751
20753
20773
20775
20778
20779
20774
20776
20777
20792
20895
20896
20897
20893
20894
20898
20899
20900
20901
20903
20902
20909
20910
20904
20905
20906
20907
20912
20908
20915
20911
20913
20914
20919
20916
20917
20920
20918
20921
20922
20923
20924
20925
20926
20928
20927
20930
20949
20950
20955
20951
20956
20952
20953
20954
20968
20969
21341
21342
21355
21354
21356
21362
21357
21360
21361
21363
21366
21367
21368
21417
21418
21419
21421
21423
21424
21425
21422
21420
21426
21427
21434
21441
21442
21443
21439
21440
21463
21465
21467
21468
21462
21464
21466
21469
21474
21470
21471
21476
21472
21473
21479
21480
21482
21475
21477
21478
21485
21486
21481
21483
21484
21487
21567
21568
21569
21573
21571
21572
21574
21618
21619
21616
21617
21638
21639
21644
21646
21641
21642
21648
21643
21647
21649
21651
21656
21652
21653
21654
21659
21662
21664
21657
21658
21661
21663
21671
21666
21667
21668
21669
21674
21676
21677
21672
21673
21683
21684
21685
21686
21678
21679
21692
21693
21690
21691
21697
21698
21699
21706
21707
21700
21704
21705
21711
21708
21715
21709
21717
21710
21723
21724
21716
21718
21725
21722
21729
21732
21730
21731
21798
21822
21818
21826
21824
21825
21830
21827
21834
21829
21836
21837
21832
21831
21839
21841
21835
21840
21842
21845
21844
21849
21851
21850
21852
21846
21855
21857
21847
21861
21854
21856
21864
21860
21859
21862
21866
21867
21868
21870
21872
21865
21869
21871
21873
21886
22267
22333
22334
22335
22411
22410
22413
22426
22427
22428
22429
22430
22431
22440
22442
22940
22942
22946
22947
22941
22943
22944
22945
22948
22949
22964
22963
22965
22970
22972
22969
22971
23033
23034
23040
23041
23038
23101
23103
23107
23104
23105
23106
23118
23128
23127
23129
23130
23639
23701
23702
23705
23703
23704
23706
23708
23707
23712
23709
23711
23710
23772
24117
24118
24119
24120
24123
24125
24124
24131
24126
24128
24129
24130
24132
24156
24157
24158
24160
24163
24166
24159
24161
24162
24168
24164
24165
24167
24195
24196
24212
24230
24234
24229
24231
24232
24239
24235
24240
24236
24237
24243
24238
24246
24242
24241
24244
24245
24247
24252
24248
24253
24249
24250
24251
24257
24254
24255
24256
24258
24259
24263
24264
24260
24265
24267
24261
24262
24270
24266
24268
24269
24274
24272
24271
24276
24273
24279
24281
24282
24275
24283
24277
24278
24280
24287
24284
24285
24286
24288
24290
24289
24291
24292
24293
24305
24306
24307
24308
24314
24348
24351
24349
24350
24385
24421
24423
24424
24425
24426
24510
24565
24566
24707
24708
24786
24788
24789
24787
24790
24882
24883
24884
24885
24906
24910
24907
24908
24911
25057
25126
